DGDNN_30
EPOCHS=30
ACCURACY=0.547410358565737
F1Score=0.6641040804257835
MCC=0.047624939137915906